6822
5001
160
4419
7841
1115
7187
128
2428
398
4677
2536
5981
9991
207
1633
785
9677
5758
5414
9079
1598
4757
8421
7282
5306
889
993
8955
9062
7796
4305
1677
6923
8851
9504
6503
5460
5048
3707
270
9044
4664
101
7704
909
5949
2134
1922
474
5605
7960
3035
5366
2434
1129
2999
5859
5080
9836
717
9556
2803
9816
2312
2323
4174
1159
4426
2236
6044
3240
7140
1023
9363
6509
1008
50
2940
2222
8168
8253
1925
5188
9260
2477
5919
1695
9967
8066
6720
2145
5498
1232
7394
3328
5944
5073
7137
5240
8952
9058
4081
1095
1583
1537
5575
7871
5635
7430
6411
5591
2161
5079
5612
1147
3288
5970
1772
679
7692
2551
800
528
8468
6763
2225
2267
6172
9894
6829
148
2115
8229
9447
8792
1294
7706
2018
523
6643
1143
746
5091
159
3863
9484
2427
8113
9109
1241
6722
6525
1858
4231
1209
8410
739
9872
2136
4676
7889
1489
1738
4026
5672
6044
396
2049
9192
5494
578
6544
3975
1178
4418
338
1133
7204
7542
6503
470
3655
3151
434
9380
2008
6797
7724
5834
3760
7592
5056
9314
205
1178
3950
5384
1394
194
1545
349
1955
4370
3160
6789
2090
9186
3416
8105
3285
1388
8680
7782
4725
6910
8076
6587
5504
3515
5195
1103
3696
6905
1761
2505
1218
1556
4765
3287
9400
554
8324
3608
6503
3549
3469
4065
1482
325
7571
5771
9693
2475
182
9619
6547
3023
650
2410
8017
3971
5990
1987
3104
1965
8390
4951
6383
6809
2969
1684
7582
1925
4548
553
9556
6147
830
2204
8202
682
1826
5348
8174
165
1232
943
2065
1203
4044
3854
5386
1621
1661
308
7329
1043
3855
523
1172
24
1441
8191
9845
2209
1528
9152
3449
6578
9451
5684
251
9489
6053
3363
7927
5737
7366
8634
6144
6472
2226
4312
907
1842
9072
8740
4257
1564
7292
6709
7441
2369
6678
2344
6475
7392
4193
8222
4134
2876
2692
907
4780
1291
2044
2729
3465
1319
8809
4882
4495
5776
8316
793
8724
8089
2544
9106
9234
9030
7614
1845
3430
4164
1558
2832
8610
9841
1085
2962
1180
2224
4762
9585
1485
5318
9672
5508
3986
2656
1095
3801
3678
9675
9051
6688
1062
2970
7243
4079
2915
5331
8420
6188
996
4882
5347
3654
6538
2773
7134
2188
538
2654
6252
8116
286
1652
7960
4614
6772
1875
8914
7582
4941
9575
7550
9006
4832
2709
6420
5481
7877
1506
6926
8073
5610
2074
924
730
4161
4090
883
6637
4544
3046
6906
3750
3648
9525
2316
9342
5486
256
6106
337
7613
8806
550
1137
5026
2683
8008
8754
7543
2212
1196
7756
9128
9676
4786
3596
9001
9778
29
2355
3614
9737
7317
7350
3186
6247
8997
5372
177
9927
7357
7027
7405
8775
1169
5627
8556
810
792
185
1721
183
8447
3574
7023
776
9811
2637
2193
9437
346
7312
2853
4374
1691
8932
2436
8284
642
2001
4507
6633
973
8995
6413
42
609
331
415
8004
4405
750
6603
5613
9509
5781
3918
9311
2497
156
9561
1817
9532
324
5444
2221
3390
6592
4710
5715
9043
9371
8526
5268
1641
3969
350
2320
293
2257
7514
4953
3166
3970
9229
1237
1601
5483
5285
5600
8491
9305
6706
9288
6131
9357
955
3231
9389
3115
6313
7772
4072
2316
3129
1578
433
525
8542
7864
8653
334
2077
4263
9476
820
8560
4480
16
7399
212
6347
1522
4085
6683
7833
2301
3229
8106
2667
7513
9364
3323
1768
7521
3748
1133
459
4806
9160
6703
3618
1578
8801
1017
4928
2117
4820
1635
3612
7508
5402
9707
9105
7236
5950
628
9820
9356
7139
3697
4945
7505
9819
3742
4165
6495
193
6200
7653
294
5680
9696
142
5803
1050
9324
6787
3491
6946
1878
7755
9371
6978
2859
576
2131
6134
1597
4001
2223
2671
6449
865
9956
881
4722
581
5553
101
5612
5290
7123
583
466
4381
4448
6857
1144
3297
2381
6255
4634
716
2823
465
5139
1082
6318
3324
7958
9977
9446
5025
5929
2075
1845
7029
8725
9176
4567
9999
5800
4649
829
2445
3875
1358
1481
9615
7004
2600
3955
2650
7789
1616
1464
6118
1171
7326
1830
7057
10000
9267
5953
5786
5322
2144
993
1895
7369
8332
2562
5567
6812
7858
8866
1760
101
785
2790
3563
8281
5386
9766
3491
6689
1493
9740
5042
9196
9629
1545
4947
1626
8703
289
153
9730
7183
9914
2727
1421
8979
2176
3334
9545
662
2308
1570
4007
7686
2344
4861
2734
7030
6677
8682
1989
2237
5717
4723
5532
9157
9193
2068
3124
9805
149
9710
9571
3528
3663
3157
2498
1196
5203
1746
4046
5188
3074
7906
1306
9006
3262
517
1738
989
1776
7280
9034
4887
6610
6267
8421
9000
421
8804
5631
2174
1309
6890
7180
2828
1984
434
8598
6983
8747
101
3979
2716
5004
3808
4092
2535
2280
3924
3056
9869
1927
260
5711
1332
3252
4393
2487
5861
8958
4689
9434
1793
1465
3275
8509
3113
8237
5421
8571
885
7366
8543
2160
2606
19
9773
5311
7987
2519
4856
3597
2664
8683
1142
7364
7074
2857
2974
3200
7293
3219
5645
5669
3798
9162
6835
3127
8801
3863
8134
3184
4900
8166
1902
9486
6138
9189
7144
9826
7618
7946
3940
8355
6445
7211
8134
4649
9539
6259
2264
9650
2766
6931
5671
4624
6942
6559
6385
6985
691
4989
6670
4053
3574
5706
7556
6004
2673
9972
881
582
1138
4449
949
8705
2972
6295
293
142
4230
7905
7833
2844
7066
2977
687
204
8055
4968
7126
2419
432
5823
3811
6411
6139
7090
336
8146
722
672
2328
9673
9109
5996
6508
7943
9318
8335
3058
36
8572
5860
9936
1870
6897
618
2997
9927
8659
9317
641
9845
6055
6958
423
4641
5441
6878
5922
424
5181
3207
6446
2813
2938
8476
394
1909
4474
2115
8253
8602
8067
106
9678
2201
5345
9968
218
7699
8354
