4045
4764
9400
2754
4885
559
1025
5305
518
4602
3647
2895
1087
6059
963
8849
5909
6353
1186
866
8798
2386
8663
298
887
630
2798
8115
3071
9609
9561
1307
857
6652
1999
1509
3934
7493
6536
1736
9209
3355
8914
8286
6874
9370
384
6742
563
933
1829
9298
6078
6463
9229
6186
1876
3025
9365
3959
6615
4520
1774
2345
2298
9955
2654
722
2148
5369
5007
5928
7041
6449
5198
327
944
8024
221
2717
6166
3807
2897
5212
825
8538
2420
5116
6758
1459
9445
5526
6876
1108
2499
1561
7871
832
7430
1305
1926
9627
2630
2539
4845
4142
1586
1259
4259
1556
6298
5526
3181
2095
7573
2176
8097
2244
9852
9936
1788
1610
3085
4943
8541
7103
2985
3132
696
756
2166
3946
4820
9324
6446
5376
9837
4768
1854
5865
5234
7582
4215
7538
7384
8230
8193
1839
7637
2060
2291
7110
2374
5544
6717
722
2682
1081
2558
4849
277
1421
7390
1254
3230
2667
2645
792
81
1354
9554
849
7598
1175
9797
7504
6471
1026
7941
2232
2806
1617
8587
6718
2005
3405
7621
2223
3988
768
6932
888
1431
4301
7246
9452
5941
5944
1037
2593
2794
9465
5694
3763
6997
2717
1411
5024
6219
1221
9154
7771
5043
8166
6739
7993
1624
7255
2230
3494
3530
4742
5434
4577
6428
5555
6727
1148
8120
4595
7813
9901
8807
6591
2131
6848
7161
4514
2113
8851
1555
4863
5014
9256
476
5336
1132
5478
1951
2776
5054
3896
5996
3498
3777
7325
8390
2191
2744
5334
8551
3213
14
3755
2568
9371
4336
2119
6505
4181
272
1351
3791
7150
7860
8335
3313
7609
6996
1173
1162
6495
2528
9172
2458
5612
6823
9690
8517
7602
7521
9083
9634
1701
3831
8812
4909
9757
4165
1816
5990
6791
8943
5742
7855
2436
873
3041
4146
1384
8717
2391
8281
1324
4697
6986
4836
6045
286
5851
5463
1563
739
8618
153
1883
9072
574
5815
1621
7091
3491
4030
2726
9262
9927
2292
3152
9158
3325
2720
1141
1526
8363
413
2096
7995
315
6971
1676
725
6365
430
4698
4620
9315
5277
9199
9161
3699
580
2452
7736
1081
4355
1524
8749
9891
2029
3650
3132
1683
6858
3281
7039
6401
2117
8953
6932
4054
782
1929
6621
5409
9305
4015
6078
7398
3789
2706
6674
6458
6423
3353
1574
4905
2612
3569
4077
2465
5610
3594
5130
5300
3536
9514
6025
2969
3265
3961
7943
6715
7341
916
68
776
8824
8443
2872
9940
858
5075
2268
740
6941
1812
461
4435
5298
3931
2764
1936
7964
105
1105
4974
3346
6242
7331
915
2882
7264
8305
426
4105
6366
9548
2177
9340
9453
3611
8700
2498
898
1286
7583
3815
8933
9867
4456
2523
2996
8716
7907
7633
2846
623
9587
6033
713
1725
6704
3606
3692
7220
932
9377
6853
8852
4637
7588
3205
1589
750
1111
5615
4384
1645
646
2205
1650
4438
6321
7531
9453
3591
2315
8937
2406
2706
2188
3789
8055
7647
4463
3391
9198
5895
7845
107
1997
5098
9456
9475
8184
7850
1016
2747
4139
5661
4649
9963
4049
1935
4035
6224
8877
6894
7785
8043
485
5980
6019
5488
4322
2976
861
5656
7906
8293
581
240
2774
4122
6144
6120
8388
7073
4613
3268
3973
7056
1121
5231
8920
3650
466
3075
7278
3799
8972
1746
6348
208
8119
6673
4909
2772
6286
8935
6157
3022
2273
6674
2430
3116
3541
8450
9111
7409
7919
6237
928
4100
44
3577
8968
9904
188
4005
3023
3906
9954
8016
9564
9806
8230
1824
5048
730
8916
9757
7616
8592
1226
6291
296
2640
8381
1556
5347
8700
8869
4323
6731
1451
2252
8026
1583
4631
8003
5781
1936
5967
125
8436
548
38
6946
109
9123
2466
2238
1032
9564
7133
7663
1282
2081
9639
1018
747
1239
7170
711
9352
2887
4612
2192
6913
9471
8153
1254
7091
2386
2351
797
2671
4404
8088
8475
3241
2367
8908
4428
4826
5664
4388
7120
5759
2651
1904
956
6648
4547
5425
1381
3994
1123
8240
7929
4958
4488
9941
9206
1935
4660
9041
4128
7840
7084
1989
6175
7619
9163
2904
1742
4051
8733
8021
7054
7451
2181
3611
8545
3500
9415
2459
2432
2844
8479
605
2213
8801
7640
4780
7505
3466
2662
8405
4200
6375
5389
6156
7024
7723
4743
919
4053
8001
9665
1009
5768
2165
2767
5320
523
230
836
5343
727
5803
8379
3597
7574
3163
5249
9372
9881
3987
1144
9196
3171
9860
8037
1389
1613
7186
3491
3032
3152
2358
8510
5479
7950
397
2889
3976
7241
1079
5721
3070
586
4696
3399
8255
6763
9147
5554
6807
9213
6650
2314
1012
2356
3495
4598
9337
4150
3255
640
5707
4447
3649
8931
5479
7440
3491
4644
4601
971
2205
1830
8246
1641
7732
6964
9236
7845
4241
411
1021
4766
8224
5389
5375
1144
8865
1024
8030
7995
9562
572
1793
1427
322
977
7601
6159
3640
975
4141
9298
618
7771
4329
8213
8430
8881
9274
5266
2317
829
9564
9418
1859
9808
1884
6385
8401
4113
4654
125
587
8521
2217
9499
8906
1078
3125
5177
7722
3978
3156
1725
6941
4073
3926
9932
7767
2574
8563
9860
5328
358
1910
9667
9861
323
3756
4702
6455
2587
4473
1131
2730
8871
2595
7687
5080
3748
1412
9184
7931
2133
5820
5836
950
2111
6030
5584
2029
620
9838
1610
9913
2776
2841
8392
2613
6375
1661
2943
5459
8781
7437
7989
472
6852
9391
5863
8140
5418
6509
9252
5611
2001
2695
3903
6038
5181
7711
337
9426
9209
524
5812
792
4403
4600
2090
2420
9947
3281
500
9766
3111
6044
1292
212
4082
7149
8587
998
6137
5009
67
1256
2061
5188
6279
1980
9124
731
5741
6245
2615
6123
9683
1837
6245
1968
6407
6896
7711
9288
8686
1807
682
7477
5246
3662
1328
7870
2964
2950
9567
5422
2703
676
4409
6628
9698
6632
7234
2161
1430
7927
9797
1293
